------------------------------------------------------------------------------------------------
        8 888888888o   8 888888888o.   8 8888888888   8 888888888o       ,o888888o.
        8 8888    `88. 8 8888    `88.  8 8888         8 8888    `88.  . 8888     `88.
        8 8888     `88 8 8888     `88  8 8888         8 8888     `88 ,8 8888       `8b
        8 8888     ,88 8 8888     ,88  8 8888         8 8888     ,88 88 8888        `8b
        8 8888.   ,88' 8 8888.   ,88'  8 888888888888 8 8888.   ,88' 88 8888         88
        8 888888888P'  8 888888888P'   8 8888         8 888888888P'  88 8888         88
        8 8888         8 8888`8b       8 8888         8 8888         88 8888        ,8P
        8 8888         8 8888 `8b.     8 8888         8 8888         `8 8888       ,8P
        8 8888         8 8888   `8b.   8 8888         8 8888          ` 8888     ,88'
        8 8888         8 8888     `88. 8 888888888888 8 8888             `8888888P'
------------------------------------------------------------------------------------------------
PROREPO QOS 运维系统                                                               版本: 1.1.0.a
-=-=-=-=-=-=-=-=-=-=-=-=-=-=-=-=-=-=-=-=-=-=-=-=-=-=-=-=-=-=-=-=-=-=-=-=-=-=-=-=-=-=-=-=-=-=-=-=


